4294967278,430
4294967279,480
4294967279,466
229,26
229,25
4294967278,421
325,39
325,38
325,37
185,31
4294967278,419
301,26
301,23
301,25
401,381
185,30
5,100
5,99
4294967278,403
401,380
4294967279,457
394,6
394,5
4294967279,452
229,24
181,92
4294967279,444
4294967279,439
4294967279,437
4294967279,435
4294967279,434
181,91
4294967279,427
4294967278,255
4294967278,251
4294967279,425
4294967279,423
4294967278,249
4294967278,247
4294967279,414
4294967278,243
4294967278,241
4294967278,239
4294967278,235
4294967278,233
4294967279,403
4294967278,231
4294967278,528
4294967278,567
4294967278,389
4294967278,229
4294967278,227
4294967278,225
4294967278,223
4294967279,398
4294967278,221
4294967278,543
4294967278,219
4294967278,217
4294967279,392
4294967278,215
4294967279,391
4294967279,386
4294967279,252
4294967279,251
4294967279,247
4294967278,319
4294967278,318
4294967278,317
4294967279,245
4294967279,243
4294967278,316
4294967278,315
4294967279,241
4294967279,455
4294967278,314
4294967279,402
4294967279,235
4294967279,233
4294967278,312
4294967278,310
4294967279,231
4294967278,309
4294967278,575
4294967278,307
4294967278,301
4294967279,229
4294967278,298
4294967279,227
4294967279,225
4294967278,297
4294967278,296
4294967279,223
4294967279,221
4294967278,295
4294967279,219
4294967278,294
4294967279,217
4294967279,215
4294967279,319
4294967279,318
4294967279,317
4294967279,316
4294967278,291
4294967278,290
4294967279,312
4294967279,311
4294967279,461
4294967278,289
4294967279,304
4294967278,286
4294967279,302
4294967278,283
4294967279,300
4294967279,315
4294967278,281
4294967278,280
4294967278,279
4294967278,278
4294967279,296
4294967279,294
4294967279,293
4294967279,292
4294967279,289
4294967278,429
4294967278,275
4294967278,515
5,38
5,98
4294967279,288
202,10
4294967279,287
268,13
268,12
325,36
4294967278,273
377,11
4294967279,285
5,5
229,23
185,29
4294967278,272
4294967279,283
4294967279,484
4294967278,267
4294967279,282
325,35
325,34
4294967279,281
377,10
5,97
4294967278,262
4294967278,256
4294967279,472
325,33
325,32
325,31
325,30
4294967278,383
4294967278,382
4294967279,278
4294967279,277
4294967279,276
377,9
4294967278,381
260,13
4294967279,469
4294967279,506
4294967278,380
301,24
4294967279,268
4294967279,396
229,22
185,28
401,379
156,14
185,27
156,13
156,12
3,18
3,17
4294967279,261
4294967278,378
4294967279,257
377,7
377,6
181,90
181,48
4294967279,383
4294967278,415
4294967278,377
4294967278,375
181,45
4294967278,374
4294967279,382
4294967279,380
4294967278,373
4294967278,372
4294967278,371
4294967278,370
4294967279,379
4294967279,378
4294967279,377
181,89
181,88
4294967278,369
181,87
4294967279,376
4294967278,368
4294967279,375
181,86
4294967279,374
4294967279,373
4294967279,372
4294967279,370
4294967278,367
181,85
181,47
181,27
4294967278,365
4294967279,413
4294967278,364
269,98
5,96
4294967278,363
5,95
4294967279,368
4294967279,326
4294967278,337
4294967294,1487
4294967278,361
4294967293,131
4294967293,130
4294967293,129
4294967293,128
4294967293,127
4294967293,126
4294967293,125
4294967293,124
4294967293,123
4294967293,122
4294967293,121
4294967293,120
4294967293,119
4294967293,118
4294967293,117
4294967293,116
4294967293,115
4294967293,114
4294967293,113
4294967293,112
4294967293,111
4294967293,110
4294967293,109
4294967293,108
4294967293,107
4294967293,106
4294967293,105
4294967293,104
4294967293,103
4294967293,102
4294967293,101
4294967293,100
4294967293,99
4294967293,98
4294967293,97
4294967293,96
4294967293,95
4294967293,94
4294967293,93
4294967293,92
4294967293,91
4294967293,90
4294967293,89
4294967293,88
4294967293,87
4294967293,86
4294967293,85
4294967293,84
4294967293,83
4294967293,82
4294967293,81
4294967293,80
4294967293,79
4294967293,78
4294967293,77
4294967293,76
4294967293,75
4294967293,74
4294967293,73
4294967293,72
4294967293,71
4294967293,70
4294967293,69
4294967293,68
4294967293,67
4294967293,66
4294967293,65
4294967293,64
4294967293,63
4294967293,62
4294967293,61
4294967293,60
4294967293,59
4294967293,58
4294967293,57
4294967293,56
4294967293,55
4294967293,54
4294967293,53
4294967293,52
4294967293,51
4294967293,50
4294967293,49
4294967293,48
4294967293,47
4294967293,46
4294967293,45
4294967293,44
4294967293,43
4294967293,42
4294967293,41
4294967293,40
4294967293,39
4294967293,38
4294967293,37
4294967293,36
4294967293,35
4294967293,34
4294967293,33
4294967293,32
4294967293,31
4294967293,30
4294967293,29
4294967293,28
4294967293,27
4294967293,26
4294967293,25
4294967293,24
4294967293,23
4294967293,22
4294967293,21
4294967293,20
4294967293,19
4294967293,18
4294967293,17
4294967293,16
4294967293,15
4294967293,14
4294967293,13
4294967293,12
4294967293,11
4294967293,10
4294967293,9
4294967293,8
4294967293,7
4294967293,6
4294967293,5
4294967293,4
4294967293,3
4294967293,2
4243767290,0
4243767289,0
4243767288,0
4243767287,0
4243767286,0
4243767285,0
4243767284,0
4243767283,0
4243767282,0
4243767281,0
4294967293,0
4294967279,280
4294967279,99
4294967279,100
4294967279,101
4294967279,465
4294967279,488
4294967279,387
4294967279,401
4294967279,102
4294967279,216
4294967279,218
4294967279,323
4294967279,103
4294967279,412
4294967279,104
4294967279,220
4294967279,426
4294967279,222
4294967279,295
4294967279,105
4294967279,510
4294967279,106
4294967279,224
4294967279,453
4294967279,417
4294967279,107
4294967279,226
4294967279,228
4294967279,230
4294967279,344
4294967279,108
4294967279,109
4294967279,110
4294967279,333
4294967279,232
4294967279,503
4294967279,134
4294967279,111
4294967279,234
4294967279,236
4294967279,237
4294967279,399
4294967279,112
4294967279,113
4294967279,407
4294967279,238
4294967279,114
4294967279,450
4294967279,400
4294967279,115
4294967279,408
4294967279,240
4294967279,511
4294967279,242
4294967279,244
4294967279,116
4294967279,246
4294967279,117
4294967279,428
4294967279,118
4294967279,119
4294967279,463
4294967279,248
4294967279,342
4294967279,359
4294967279,249
4294967279,120
4294967279,253
4294967279,250
4294967279,121
4294967279,415
4294967279,340
4294967279,122
4294967279,467
4294967279,384
4294967279,123
4294967279,256
4294967279,254
4294967279,303
4294967279,419
4294967279,255
4294967279,124
4294967279,125
4294967279,305
4294967279,126
4294967279,306
4294967279,363
4294967279,127
4294967279,345
4294967279,313
4294967279,307
4294967279,409
4294967279,309
4294967279,128
4294967279,129
4294967279,308
4294967279,482
4294967279,297
4294967278,340
4294967279,310
4294967279,130
4294967279,131
4294967278,434
4294967278,437
4294967278,571
4294967279,132
4294967278,359
4294967278,306
4294967278,4
4294967278,257
4294967278,5
4294967278,395
4294967278,258
4294967278,6
4294967278,404
4294967278,544
4294967278,259
4294967278,7
4294967278,284
4294967278,261
4294967278,8
4294967278,323
4294967278,549
4294967278,342
4294967278,566
4294967278,9
4294967278,263
4294967278,10
4294967278,264
4294967278,11
4294967278,336
4294967278,343
4294967278,285
4294967278,12
4294967278,556
4294967278,399
4294967278,287
4294967278,344
4294967278,265
4294967278,13
4294967278,266
4294967278,14
4294967278,328
4294967278,408
4294967278,15
4294967278,268
4294967278,326
4294967278,269
4294967278,443
4294967278,16
4294967278,17
4294967278,270
4294967278,271
4294967278,416
4294967278,331
4294967278,18
4294967278,288
4294967278,19
4294967278,440
4294967278,417
4294967278,20
4294967278,320
4294967278,134
4294967278,133
4294967278,527
4294967278,135
4294967278,21
4294967278,22
4294967278,136
4294967278,23
4294967278,355
4294967278,276
4294967278,400
4294967278,349
4294967278,24
4294967278,138
4294967278,25
4294967278,139
4294967278,568
4294967278,26
4294967278,322
4294967278,27
4294967278,140
4294967278,410
4294967278,141
4294967278,28
4294967278,438
4294967278,142
4294967278,29
4294967278,143
4294967278,144
4294967278,30
4294967278,572
4294967278,31
4294967278,32
4294967278,145
4294967278,539
4294967278,347
4294967278,573
4294967278,33
4294967278,390
4294967278,427
4294967278,350
4294967278,348
4294967278,146
4294967278,147
4294967278,535
4294967278,34
4294967278,148
4294967278,35
4294967278,149
4294967278,444
4294967278,36
4294967278,418
4294967278,37
4294967278,150
4294967278,151
4294967278,413
4294967278,446
4294967278,38
4294967278,39
4294967278,153
4294967278,152
4294967278,334
4294967278,431
4294967278,40
4294967278,41
4294967278,154
4294967278,155
4294967278,411
4294967278,42
4294967278,156
4294967278,43
4294967278,157
4294967278,345
4294967278,44
4294967278,540
4294967278,45
4294967278,542
4294967278,447
4294967278,158
4294967278,346
4294967278,159
4294967278,160
4294967278,46
4294967278,520
4294967278,47
4294967278,48
4294967278,545
4294967278,161
4294967278,561
4294967278,391
4294967278,397
4294967278,49
4294967278,162
4294967278,552
4294967278,163
4294967278,325
4294967278,50
4294967278,164
4294967278,51
4294967278,165
4294967278,52
4294967278,333
4294967278,166
4294967278,53
4294967278,351
4294967278,167
4294967278,54
4294967278,541
4294967278,55
